L,D=1,D=1/L,t_D1,t_D0,numerator_gamma,var_D,gamma,mean_daf_diff
3035,2170,0.71499176276771,0.08805576036866358,-0.23326767091541137,-0.04129089911098627,0.20347201376581292,-0.20293158919884788,-0.0033703459637561793
2960,2146,0.725,0.0943322460391426,-0.23877764127764128,-0.039722483690587146,0.19937500000000002,-0.19923502791517061,0.0027270270270270255
3065,2155,0.7030995106035889,0.0877582366589327,-0.24255824175824173,-0.04596019727255179,0.20875058879258268,-0.22016798869112864,-0.01031288743882545
2919,2041,0.6992120589242892,0.09298873101420872,-0.24329988597491448,-0.04516028876345972,0.21016063378925404,-0.21488462396219163,-0.00807947927372388
2879,2116,0.7349774227162209,0.08322258979206049,-0.21243512450851895,-0.034244238967925604,0.19478561081364246,-0.17580476722527594,0.004866620354289683
3196,2287,0.7155819774718398,0.08315128989943159,-0.2218653421633554,-0.03932256925879692,0.2030871613218024,-0.19362410209913872,-0.0033926783479349197
3072,2184,0.7109375,0.10510256410256409,-0.23278378378378378,-0.03690785256410257,0.20550537109375,-0.1795955617494079,0.007432291666666667
2968,2093,0.7051886792452831,0.10076779741997133,-0.23467314285714286,-0.039476811744449156,0.20789760590957634,-0.18988584102127337,0.0018760107816711594
3025,2162,0.7147107438016529,0.09343570767807585,-0.22841714947856312,-0.038508755131841495,0.20389929649614097,-0.18886163804184739,0.0016145454545454562
3034,2159,0.7116018457481872,0.0957707271885132,-0.2551748571428571,-0.04597185685894888,0.20522465887596036,-0.2240074711817876,-0.005441331575477917
3212,2234,0.6955168119551681,0.09969695613249777,-0.22813190184049076,-0.039106281725534604,0.21177317624288744,-0.1846611663447061,-0.00012141967621419721
3086,2265,0.7339598185353208,0.08332980132450332,-0.20972838002436056,-0.03362710081418755,0.19526280331091983,-0.17221457565905485,0.005364549578742709
3065,2209,0.7207177814029364,0.08728157537347216,-0.22081074766355138,-0.037292323484602874,0.2012836609725656,-0.18527248214988357,0.001236867862969003
3012,2157,0.7161354581673307,0.08976726935558646,-0.2170140350877193,-0.0361208448542409,0.20328546372279807,-0.17768533073026616,0.0026829349269588305
3034,2168,0.7145682267633487,0.08927859778597785,-0.2266581986143187,-0.039212503070976665,0.20396047606363224,-0.19225540079021497,-0.000899802241265656
3035,2122,0.6991762767710049,0.08841093308199811,-0.1992880613362541,-0.033354470542384086,0.21032881077164003,-0.15858250907241606,0.0018642504118616147
3025,2228,0.7365289256198347,0.09939272890484739,-0.24736135508155582,-0.03898545291333442,0.1940540673451267,-0.20089995250652737,0.008033057851239669
2968,2016,0.6792452830188679,0.09226140873015871,-0.22105567226890754,-0.04131136755016472,0.21787112851548593,-0.18961377687649136,-0.008236522911051213
3187,2267,0.711327267022278,0.09720776356418175,-0.23254021739130434,-0.03906678930685686,0.20534078621289478,-0.1902534320013409,0.002018512707875744
3042,2205,0.7248520710059172,0.09514149659863945,-0.23166427718040616,-0.037563960337586695,0.19944154616434998,-0.18834571361892713,0.005221564760026298
3061,2184,0.7134923227703365,0.09338003663003663,-0.22304446978335232,-0.03714985556205745,0.2044210281181264,-0.18173206496442282,0.0027219862789937925
3034,2093,0.6898483849703362,0.10331581462016245,-0.22368544102019128,-0.037332834028486195,0.21395759072415504,-0.17448707429416502,0.0018958470665787735
2892,2032,0.7026279391424619,0.09610482283464565,-0.22895930232558137,-0.03950721036037507,0.20894191827887876,-0.189082261165249,-0.000560165975103734
2888,2029,0.7025623268698061,0.08973780187284375,-0.22144289044289042,-0.03912845082863575,0.20881176935221482,-0.18738623282596464,-0.002742382271468145
2923,2021,0.691412931919261,0.10110094012864917,-0.23211640798226163,-0.04042967909817258,0.21336108949407231,-0.18948946686596205,-0.0017256243585357506
2890,2122,0.7342560553633218,0.0885966069745523,-0.21092057291666666,-0.03250685323306015,0.19512410052561632,-0.16659578773454783,0.009001730103806229
3170,2262,0.7135646687697161,0.09235853227232539,-0.24545704845814978,-0.04385282419455159,0.20439013225328143,-0.21455450765210582,-0.004403785488958991
2985,2122,0.7108877721943049,0.08886804901036757,-0.2050255220417633,-0.0335436320780781,0.20537191821755343,-0.16333115242437796,0.003968509212730318
3000,2056,0.6853333333333333,0.09510651750972762,-0.21675953389830507,-0.03828014915693904,0.21565155555555554,-0.17750926515843013,-0.0030273333333333346
2886,2097,0.7266112266112266,0.07863233190271816,-0.23295817490494297,-0.042190952920566654,0.19864735197375535,-0.2123912174079259,-0.006553014553014553
3009,2122,0.705217680292456,0.0904048067860509,-0.23492108229988726,-0.042600842931463226,0.20788570369538337,-0.20492435109384238,-0.005495513459621135
3178,2276,0.7161736941472624,0.09104833040421792,-0.23592461197339243,-0.04111969980345985,0.2032689339587259,-0.20229210141776646,-0.001755191944619258
2808,1938,0.6901709401709402,0.09939473684210526,-0.2516551724137931,-0.04717470760233918,0.2138350135145007,-0.22061264349086657,-0.009370726495726497
3235,2306,0.7128284389489954,0.08709280138768431,-0.21296770721205596,-0.036147693202733006,0.20470405557453375,-0.17658513458015712,0.0009239567233384853
3016,2090,0.6929708222811671,0.07942488038277512,-0.1897805405405405,-0.03384581752186107,0.21261536064948042,-0.1591880164183414,-0.003166114058355438
2970,2098,0.7063973063973064,0.09572688274547186,-0.2310676605504587,-0.039736416917827776,0.20740015191193645,-0.1915929981319403,-0.00022087542087542285
2927,2031,0.6938845234028015,0.090040866568193,-0.2126361607142857,-0.037528316896104905,0.21240879158486853,-0.17667967797420644,-0.002613255893406218
3151,2273,0.7213582989527134,0.0929388473383194,-0.2327243735763098,-0.038950076812743754,0.20100050348476114,-0.193780991278446,0.0021954934941288487
3194,2277,0.7128991859737007,0.09536671058410189,-0.21613631406761177,-0.03467305146974908,0.2046739366117356,-0.1694062861336542,0.005933938634940516
3001,2189,0.7294235254915028,0.09364595705801736,-0.26245689655172416,-0.04567626886667441,0.19736484595104975,-0.23143062102357884,-0.002707097634121959
3064,2199,0.7176892950391645,0.09344702137335152,-0.26633757225433524,-0.048808853300277705,0.20261137082535155,-0.2408988849019255,-0.008124020887728461
2994,2140,0.7147628590514362,0.08299065420560747,-0.22114051522248243,-0.03940547137889486,0.20387691437205294,-0.193280693403983,-0.0037588510354041437
3070,2279,0.7423452768729641,0.0807740236946029,-0.22686835443037975,-0.03759430660627482,0.19110836719752994,-0.1967172194371651,0.0015824104234527672
3113,2235,0.7179569547060713,0.09459060402684563,-0.251503416856492,-0.044256167576109715,0.20249476589525553,-0.21855462476003998,-0.0030228075811114686
2818,2083,0.7391767210787793,0.08262217954872779,-0.24734285714285714,-0.04296298723622607,0.1927944960940038,-0.22284343229008954,-0.003440383250532292
3079,2167,0.7037999350438454,0.08530179972311952,-0.2098706140350877,-0.03689729089071613,0.20846558647612437,-0.17699463740957547,-0.002128288405326404
2941,2135,0.7259435566133968,0.08652833723653396,-0.2321563275434243,-0.03991028908104509,0.19894950922488874,-0.20060511451642365,-0.0008092485549132972
3023,2118,0.7006285147204764,0.08916572237960341,-0.2126828729281768,-0.036977512817220955,0.20974819908105563,-0.17629478097655213,-0.0011991399272246138
3018,2172,0.7196819085487077,0.0843098526703499,-0.21438179669030732,-0.03646151909903379,0.20173985905639719,-0.18073532553049335,0.0005811795891318747
3217,2362,0.7342244327012745,0.09802794242167655,-0.2608339181286549,-0.0432698505531447,0.19513891512576612,-0.22173870611742147,0.002651227852036058
3003,2131,0.7096237096237096,0.09579727827311121,-0.2520022988505747,-0.04525420176569871,0.20575167977765382,-0.21994572202084958,-0.005027639027639029
2969,2142,0.7214550353654429,0.1053954248366013,-0.2463700120918984,-0.03926776142139801,0.20095766731129042,-0.19540315105554487,0.007412933647692827
3034,2144,0.7066578773895847,0.09641930970149253,-0.2245219347581552,-0.03753567359109201,0.2071419810810376,-0.1812074664691335,0.0023477257745550422
2968,2050,0.6907008086253369,0.09451170731707316,-0.21962745098039216,-0.038698198343304194,0.21363320158964264,-0.18114318399645404,-0.0026512803234501367
3086,2145,0.6950745301360985,0.095597668997669,-0.208596174282678,-0.03445612231794992,0.21194592769218037,-0.16257034373405024,0.002841218405703177
3121,2214,0.7093880166613264,0.10210614272809394,-0.22719646799116994,-0.03631266731443347,0.2060094402411505,-0.17626700636595388,0.006479653957065043
2966,2131,0.7184760620364127,0.09027358047864852,-0.2288705035971223,-0.0389716230211757,0.2021102331253419,-0.1928236013512825,0.0005040458530006744
3056,2216,0.725130890052356,0.09406814079422383,-0.24260714285714285,-0.040828783289545804,0.19931608234423398,-0.2048443999568053,0.0015265052356020937
2940,2116,0.7197278911564626,0.0899617202268431,-0.2357123786407767,-0.04084984439900725,0.2017196538479337,-0.20250800365641064,-0.0013156462585034014
3062,2146,0.7008491182233834,0.10255824790307548,-0.25780349344978165,-0.046441752096924506,0.20965963170888932,-0.22151022454054722,-0.005244284781188767
2966,2139,0.7211732973701955,0.08869518466573165,-0.24285126964933493,-0.04298283286629802,0.2010823725303951,-0.2137573389721212,-0.003748819959541469
3062,2199,0.7181580666231221,0.08888631195998181,-0.2121983758700696,-0.034714238762408776,0.20225413840076684,-0.17163672910179206,0.004097322011757021
3079,2130,0.6917830464436505,0.08475399061032865,-0.19510853530031613,-0.034013141575445965,0.21321926309679257,-0.15952189816923545,-0.0015043845404352067
2862,2071,0.7236198462613557,0.09351472718493481,-0.2519077117572693,-0.04377667742722452,0.19999416435804765,-0.21888977394786155,-0.00195317959468903
3049,2161,0.7087569694981961,0.10475057843590929,-0.22140990990990989,-0.0339762172348024,0.20642052768592922,-0.16459708545313642,0.009758609380124631
3139,2224,0.7085058935966868,0.09576978417266188,-0.26292896174863384,-0.04872591509462069,0.20652529233544709,-0.2359319507243597,-0.008788786237655307
2938,2083,0.7089857045609258,0.09227508401344216,-0.24218011695906427,-0.04362450754544143,0.20632497528917346,-0.21143590340577906,-0.005056160653505787
3032,2225,0.7338390501319261,0.08626067415730337,-0.2524076827757125,-0.04422184563161483,0.19531929863339856,-0.22640796859820964,-0.0038796174142480206
3044,2200,0.7227332457293035,0.08127,-0.215824644549763,-0.03730752956636005,0.2003899012468897,-0.18617469909521753,-0.0011044678055190556
2951,2125,0.7200948830904778,0.08489976470588236,-0.27087530266343823,-0.052055504694320964,0.20155824243738893,-0.25826532353541054,-0.014683497119620468
3197,2245,0.7022208320300282,0.09188329621380847,-0.21541911764705884,-0.036786394120880306,0.20910673509308314,-0.1759216129719828,0.00037503909915545736
2939,2151,0.73188159237836,0.09057508135750814,-0.2461852791878172,-0.041721958451950855,0.1962309271160761,-0.21261663013634516,0.0002834297380061246
3143,2272,0.7228762328985047,0.09068749999999999,-0.23372330654420206,-0.03963862153993,0.20032618480897155,-0.19787039611286403,0.0007855552020362711
3009,2171,0.7215021601861084,0.09555089820359282,-0.2673890214797136,-0.047856546130072855,0.2009367930328876,-0.2381671639511043,-0.0055270854104353595
3180,2216,0.6968553459119496,0.10129061371841154,-0.24228630705394189,-0.04274209068410417,0.21124797278588664,-0.20233136498510224,-0.0028628930817610073
3304,2373,0.7182203389830508,0.10191361146228402,-0.2766143931256713,-0.04922712703650533,0.20237988365412238,-0.24324120632778412,-0.004747881355932204
3029,2163,0.7140970617365467,0.09957743874248728,-0.2515692840646651,-0.04345491516969495,0.2041624481557773,-0.2128447986504284,-0.0008164410696599547
2994,2175,0.7264529058116233,0.08652781609195401,-0.24406112469437652,-0.04304016247053494,0.19855991765316428,-0.21676158501292087,-0.003822311289245158
3051,2158,0.7073090789904949,0.10029240037071362,-0.24434154535274358,-0.04216187691542208,0.20702294576811275,-0.20365798949961697,-0.0005788266142248443
2998,2168,0.723148765843896,0.08951891143911439,-0.25832048192771084,-0.04673292311725653,0.20020462830234617,-0.23342578797269928,-0.0067808539026017346
3109,2158,0.6941138629784497,0.09920435588507877,-0.2169674027339642,-0.03602208348449342,0.21231980819958365,-0.16965955173919595,0.0024917980057896426
2949,2145,0.7273652085452695,0.09568671328671328,-0.25797512437810943,-0.044245467113422345,0.19830506194316608,-0.22311819315082854,-0.0007338080705323863
3085,2162,0.7008103727714748,0.09069380203515265,-0.22326002166847236,-0.03966243783518771,0.20967519418738131,-0.1891613263500422,-0.0032379254457050232
3066,2162,0.7051532941943901,0.10384412580943571,-0.25819026548672563,-0.04550845083766148,0.20791212588119004,-0.2188831009484602,-0.0029005218525766487
3111,2243,0.7209900353584057,0.08368479714667855,-0.21241705069124422,-0.03591758150970203,0.20116340427229062,-0.17854928255779928,0.0010694310511089673
2999,2179,0.7265755251750583,0.09750986691142725,-0.26232682926829265,-0.045064991374668094,0.1986635313916465,-0.2268407848133269,-0.000878292764254752
3071,2177,0.7088896125040703,0.09880983004134129,-0.22836577181208054,-0.03771508041128,0.2063651297878993,-0.18275897895174106,0.003565613806577661
3002,2164,0.7208527648234511,0.09642929759704251,-0.2430942720763723,-0.04094112212314403,0.2012240562698374,-0.20346037587197238,0.0016522318454363755
3178,2167,0.6818753933291378,0.09036640516843564,-0.19833333333333333,-0.03434693655591931,0.21692134130137142,-0.15833820844856708,-0.0014760855884203923
2854,2002,0.7014716187806588,0.10384665334665336,-0.24150117370892016,-0.04109378113127236,0.20940918682590093,-0.19623676379316154,0.0007505255781359474
2924,2137,0.7308481532147743,0.09800093589143659,-0.24464167725540023,-0.03946862635206546,0.19670913015732808,-0.200644608211619,0.005778043775649794
3050,2215,0.7262295081967213,0.08816343115124153,-0.24442874251497007,-0.04278083114384043,0.19882020962106958,-0.2151734535708226,-0.002890491803278688
2996,2122,0.7082777036048065,0.09142884071630537,-0.22454919908466817,-0.038834176640169915,0.20662039818110844,-0.18794938438813139,-0.0007489986648865166
3040,2169,0.7134868421052631,0.08996357768556938,-0.22388174512055106,-0.038369317051272715,0.20442336824792245,-0.18769535684755387,4.27631578947371e-05
3024,2145,0.7093253968253969,0.1083006993006993,-0.23988623435722412,-0.038248573186073186,0.20618287824389017,-0.1855079990726951,0.007091600529100528
3055,2174,0.711620294599018,0.09939558417663294,-0.23103178206583427,-0.03796120796739325,0.20521685091382488,-0.18498094965570838,0.004107037643207857
2960,2181,0.7368243243243243,0.08608757450710683,-0.22883568677792038,-0.037567830898298564,0.1939142394083273,-0.19373425599340116,0.003207432432432433
2956,2071,0.7006089309878214,0.08599758570738773,-0.2026734463276836,-0.03493171063902634,0.20975605680792356,-0.1665349319138554,-0.00042794316644113655
2913,2070,0.7106076210092688,0.1004550724637681,-0.27234875444839857,-0.0497447215630084,0.2056444299728162,-0.24189676116967562,-0.007431513903192586
3055,2211,0.7237315875613748,0.08863817277250112,-0.1925462085308057,-0.028706508078562707,0.19994417672726691,-0.14357261385871573,0.01095581014729951
