L,D=1,D=1/L,t_D1,t_D0,numerator_gamma,var_D,gamma,mean_daf_diff
1205,619,0.5136929460580912,0.14719386106623583,-0.1897423208191126,-0.020691616112187377,0.24981250322825022,-0.08282858481779727,-0.01666058091286307
1139,581,0.5100965759438104,0.1801944922547332,-0.17041935483870968,0.004788873290729692,0.24989805915421084,0.019163307257918726,0.008427568042142227
1156,567,0.49048442906574397,0.15981128747795414,-0.16030050933786077,-0.00024926615526384523,0.2499094539097952,-0.000997425873107697,-0.003290657439446367
1312,661,0.5038109756097561,0.13849470499243569,-0.1457711213517665,-0.0036104779343935716,0.24998547646490188,-0.014442750776765566,-0.002554878048780485
1292,607,0.4698142414860681,0.1594481054365733,-0.1324029197080292,0.014338972309638327,0.24908881998293855,0.057565700100953875,0.004712848297213622
1178,582,0.4940577249575552,0.14850515463917527,-0.13680033557046978,0.005921962788581046,0.24996468936731997,0.02369119735899496,0.004157045840407471
1209,590,0.4880066170388751,0.15771864406779662,-0.17066235864297255,-0.006627096213427543,0.24985615876514783,-0.02652364562947067,-0.010410256410256412
1209,600,0.49627791563275436,0.14984999999999998,-0.15339244663382595,-0.0017844086021505498,0.24998614608796307,-0.007138029967159327,-0.0028999172870140585
1292,679,0.5255417956656346,0.16983505154639175,-0.16012398042414355,0.00460749736682519,0.24934761667417496,0.018478208968990682,0.013283281733746129
1305,659,0.5049808429118774,0.1543732928679818,-0.1543467492260062,1.313961127681119e-05,0.24997519120388723,5.256366127186649e-05,0.001550957854406129
1264,623,0.49287974683544306,0.16808828250401284,-0.15576911076443056,0.006247301491354619,0.24994930199487259,0.024994274604866768,0.0038536392405063265
1212,615,0.5074257425742574,0.1457951219512195,-0.15158793969849244,-0.002853392900265633,0.24994485834722088,-0.011416089609259848,-0.0006881188118811867
1205,571,0.4738589211618257,0.16866900175131347,-0.18704731861198737,-0.009669587460304774,0.24931664399717637,-0.038784363952910766,-0.018487966804979255
1253,621,0.49561053471668,0.14902093397745572,-0.16664082278481013,-0.008887286293893045,0.24998073259452658,-0.035551885145917984,-0.010195530726256983
1130,546,0.4831858407079646,0.17710989010989012,-0.15407020547945205,0.01190723524263348,0.2497172840473021,0.04768286379559526,0.005951327433628317
1261,624,0.4948453608247423,0.15374999999999997,-0.16716169544740972,-0.006774980174464719,0.24997342969497285,-0.027102801216640538,-0.008360031720856465
1202,587,0.48835274542429286,0.15626064735945486,-0.16632682926829268,-0.005150334337716521,0.24986434146084874,-0.02061252240957931,-0.008790349417637271
1346,693,0.5148588410104011,0.14807359307359308,-0.154260336906585,-0.003001444073509453,0.2497792148438276,-0.012016388454844337,0.00139895988112927
1155,600,0.5194805194805194,0.16390833333333332,-0.1803117117117117,-0.007882142857142858,0.24962050936076907,-0.03157650337837839,-0.0014961038961038974
1215,597,0.49135802469135803,0.1724036850921273,-0.14648220064724918,0.013184755050975048,0.24992531626276485,0.052754779900380105,0.010204938271604942
1238,615,0.49676898222940225,0.1376926829268293,-0.17569502407704654,-0.019123956814689296,0.24998956052416607,-0.07649902169751051,-0.02001373182552504
1164,572,0.49140893470790376,0.17636363636363636,-0.14750337837837837,0.014678069353327085,0.24992619359714688,0.058729615900070455,0.011647766323024054
1168,587,0.502568493150685,0.1513304940374787,-0.16237865748709118,-0.005495704592658266,0.2499934028429349,-0.021983398482363515,-0.0047183219178082185
1129,554,0.49069973427812225,0.15238086642599277,-0.16071652173913042,-0.004245351465946989,0.2499135050575024,-0.016987283120094607,-0.007079716563330381
1216,595,0.48930921052631576,0.1397310924369748,-0.1544734299516908,-0.007528775984077833,0.2498857070204294,-0.030128878013268353,-0.010516447368421052
1159,578,0.4987057808455565,0.1387439446366782,-0.1502512908777969,-0.005768566148481424,0.24999832499678032,-0.023074419192831458,-0.00612769628990509
1195,558,0.46694560669456064,0.1481415770609319,-0.12951648351648354,0.009928187939592974,0.24890740708320933,0.03988707309250141,0.000134728033472803
1278,625,0.4890453834115806,0.1560384,-0.13769525267993873,0.009372515805946795,0.24987999637540068,0.037508067640061274,0.0059538341158059446
1172,570,0.4863481228668942,0.16390175438596494,-0.13358637873754153,0.015571549607807926,0.24981362625074258,0.062332667122723215,0.01109641638225256
1188,560,0.4713804713804714,0.14102321428571427,-0.14342675159235668,-0.001270556758056766,0.249180922581596,-0.005098932714805699,-0.009342592592592595
1321,697,0.5276305828917487,0.15867431850789096,-0.20165865384615383,-0.02030448542852084,0.2492365508890622,-0.08146672450766895,-0.011535957607872821
1163,567,0.48753224419604474,0.141673721340388,-0.16964765100671142,-0.014335736957118452,0.24984455506521294,-0.057378624694769204,-0.017868443680137576
1228,658,0.5358306188925082,0.1490015197568389,-0.1457456140350877,0.0015112917438095913,0.2487161667497799,0.006076371164605562,0.012188925081433228
1245,650,0.5220883534136547,0.19589846153846155,-0.18974285714285713,0.0029418350324374536,0.24951210464347354,0.011790349957734618,0.01159598393574297
1310,681,0.5198473282442748,0.16700293685756237,-0.1571685214626391,0.004722020827028045,0.24960608356156405,0.018917891582010994,0.01135114503816794
1317,670,0.5087319665907365,0.1848865671641791,-0.18689489953632146,-0.0009866294948945452,0.24992375275945825,-0.003947721991211205,0.0022422171602126026
1217,597,0.4905505341002465,0.15740201005025126,-0.16486612903225803,-0.003802591428795562,0.2499107075942094,-0.015215800336854676,-0.006777321281840591
1259,623,0.4948371723590151,0.14459390048154092,-0.16164150943396227,-0.00861181834292294,0.24997334521074946,-0.03445094650256579,-0.010104845115170772
1315,658,0.5003802281368821,0.15124620060790273,-0.14012480974124808,0.005556466767598556,0.24999985542656392,0.02222587992348155,0.005671482889733839
1141,588,0.5153374233128835,0.1502704081632653,-0.1778969258589512,-0.013389539251283344,0.24976476344612145,-0.05360859981424761,-0.008780017528483787
1220,607,0.49754098360655735,0.13997364085667216,-0.17660848287112557,-0.018407506684311428,0.24999395323837675,-0.07363180767320127,-0.019095901639344263
1241,595,0.4794520547945205,0.1722672268907563,-0.17619659442724458,-0.0020454241970760947,0.24957778194783267,-0.008195538004675568,-0.009124899274778404
1217,607,0.4987674609695974,0.1512471169686985,-0.13325081967213112,0.009020329787104438,0.24999848084753856,0.03608153840184925,0.008647493837304848
1286,666,0.5178849144634525,0.17815915915915914,-0.15901612903225804,0.00922914360705963,0.249680129834635,0.036963868983776,0.015601866251944013
1223,602,0.4922322158626329,0.16788205980066445,-0.13717391304347826,0.01559260763386151,0.24993966152959524,0.062385487515014486,0.012984464431725266
1189,577,0.4852817493692178,0.1632963604852686,-0.13858823529411765,0.012717722974755579,0.24978337309836943,0.050915010142597035,0.007910849453322119
1261,617,0.48929421094369546,0.1470226904376013,-0.1533136645962733,-0.0032128369216374033,0.2498853860806819,-0.012857242162212946,-0.006360824742268041
1235,618,0.5004048582995951,0.15859385113268606,-0.15197244732576984,0.003308021173171912,0.24999983608975726,0.013232093368190192,0.0034364372469635604
1237,656,0.5303152789005658,0.13510365853658537,-0.14647332185886403,-0.005340157146518913,0.24908098386518093,-0.021439441356187024,0.0028512530315278907
1398,686,0.4907010014306152,0.1305801749271137,-0.13992134831460673,-0.004757450251713182,0.24991352862560653,-0.019036385416494522,-0.007185979971387699
1147,588,0.5126416739319966,0.17293707482993195,-0.1658479427549195,0.0034549475413530677,0.24984018808019706,0.01382863008510085,0.007827375762859632
1174,607,0.5170357751277683,0.1655140032948929,-0.1805026455026455,-0.007238977965754445,0.2497097823657961,-0.028989564994895453,-0.0015996592844974478
1176,580,0.4931972789115646,0.14922241379310347,-0.14505872483221477,0.0021101688951442733,0.24995372298579296,0.008442238306905365,7.993197278911515e-05
1197,537,0.44862155388471175,0.15142271880819366,-0.1480257575757576,0.0018730112058544769,0.24736025527477837,0.007571997384033485,-0.013686716791979948
1202,584,0.4858569051580699,0.15587499999999999,-0.16289967637540453,-0.0036116888519134864,0.24979997286829217,-0.01445832363567854,-0.008020798668885191
1231,596,0.4841592201462226,0.16213087248322147,-0.17868976377952756,-0.008541751399800457,0.24974906969362415,-0.0342013342042832,-0.013678310316815597
1224,588,0.4803921568627451,0.1563061224489796,-0.14651886792452828,0.005085534213685485,0.24961553248750484,0.02037346860191905,-0.0010441176470588247
1284,662,0.5155763239875389,0.1293262839879154,-0.14847909967845657,-0.009278077382801096,0.2497573781310352,-0.03714836155083816,-0.0052492211838006215
1290,682,0.5286821705426357,0.15979178885630496,-0.16970394736842104,-0.004671777035167887,0.24917733309296314,-0.018748804223797273,0.004494573643410852
1300,656,0.5046153846153846,0.15148323170731706,-0.16663043478260867,-0.007503691369605994,0.24997869822485208,-0.030017323167498604,-0.006105384615384615
1173,603,0.5140664961636828,0.18220066334991705,-0.1808578947368421,0.0006524962569929405,0.24980213368567708,0.002612052376678129,0.00577834612105712
1300,639,0.49153846153846154,0.13826760563380283,-0.12840090771558246,0.005016836403033587,0.24992840236686395,0.02007309435631686,0.002676923076923077
1100,544,0.49454545454545457,0.16843382352941175,-0.14048021582733813,0.0141292780748663,0.24997024793388428,0.05652383910345768,0.01229181818181818
1242,646,0.5201288244766505,0.17287616099071207,-0.14939261744966442,0.011269075644496295,0.24959483042518818,0.04514947535291204,0.018228663446054755
1145,565,0.49344978165938863,0.17353982300884954,-0.17008620689655174,0.0017494299957491052,0.24995709463969037,0.0069989211479309435,-0.0005240174672489103
1213,596,0.49134377576257215,0.16570302013422816,-0.15926742301458668,0.0032735065315901007,0.24992506978195134,0.01309795185591462,0.00040478153338829393
1239,668,0.5391444713478611,0.13385778443113772,-0.13773204903677758,-0.0017854762629704278,0.24846771036289644,-0.007185948871838005,0.00869410815173527
1253,621,0.49561053471668,0.14489855072463767,-0.1430253164556962,0.0009448396312617849,0.24998073259452658,0.003779649821229752,-0.0003272146847565836
1315,622,0.47300380228136885,0.16418649517684886,-0.1497012987012987,0.007633643465822251,0.24927120530873656,0.030623847854257976,-0.0012311787072243347
1163,567,0.48753224419604474,0.12440917107583772,-0.13065939597315435,-0.0032030387263978564,0.2498445550652129,-0.012820126200316109,-0.006305245055889942
1136,575,0.5061619718309859,0.1640991304347826,-0.15133333333333332,0.006304236068585432,0.24996203010315415,0.025220774795211114,0.008326584507042255
1164,572,0.49140893470790376,0.1473444055944056,-0.15394932432432432,-0.0033592026530170826,0.24992619359714688,-0.013440778674170272,-0.005890893470790374
1110,576,0.518918918918919,0.1441579861111111,-0.15660861423220973,-0.005989761636636635,0.24964207450693934,-0.023993397941700474,-0.0005351351351351346
1188,593,0.49915824915824913,0.1834266441821248,-0.17442521008403358,0.0045082940137746354,0.2499992914555204,0.018033227164472768,0.00419949494949495
1176,627,0.5331632653061225,0.16253748006379584,-0.18102732240437155,-0.008631737623278967,0.24890019783423573,-0.03467951290672574,0.002148809523809525
1142,514,0.4500875656742557,0.173,-0.13648089171974523,0.020082311733800342,0.2475087488996782,0.08113778532305632,0.0028126094570928195
1233,634,0.5141930251419302,0.18539432176656154,-0.16727212020033388,0.008803891920657229,0.24979855803732057,0.03524396613747428,0.014066504460665045
1270,703,0.5535433070866141,0.13791322901849215,-0.14837037037037037,-0.004668660745287365,0.24713311426622853,-0.018891279540377448,0.010100000000000001
1171,573,0.4893253629376601,0.15510296684118674,-0.1640200668896321,-0.004553736830888412,0.24988605212358725,-0.018223253327625706,-0.007865072587532025
1226,554,0.45187601957585644,0.16836281588447652,-0.15153869047619045,0.009221706585944728,0.2476840825081366,0.037231728791622246,-0.006982871125611748
1126,570,0.5062166962699822,0.1484140350877193,-0.13704856115107916,0.00561208126889158,0.2499613526874868,0.022451795881854034,0.007457371225577266
1175,537,0.4570212765957447,0.16553258845437616,-0.14795611285266455,0.009543652284163408,0.2481528293345405,0.038458768774694854,-0.004685106382978722
1239,614,0.49556093623890235,0.15307491856677524,-0.13993119999999998,0.0066302050881634714,0.24998029471292488,0.02652291091894879,0.005271186440677964
1206,604,0.5008291873963516,0.14751986754966886,-0.14919435215946844,-0.0008358538433659574,0.24999931244826173,-0.003343424568573325,-0.0005912106135986752
1146,560,0.4886561954624782,0.15935000000000002,-0.14084982935153587,0.009459947643979052,0.24987131809861451,0.03785927779132128,0.005844677137870854
1217,629,0.5168447000821693,0.15718441971383146,-0.14597959183673467,0.005413671973486368,0.24971625607914177,0.02167929336474847,0.010709120788824978
1269,630,0.49645390070921985,0.16218253968253968,-0.1746510172143975,-0.006278453225261735,0.2499874251798199,-0.025115076171313595,-0.007428684003152087
1201,635,0.5287260616153205,0.17661417322834644,-0.16730742049469965,0.0043860300143581015,0.2491748133840728,0.017602220524582345,0.014532889258950875
1201,606,0.5045795170691091,0.16847854785478547,-0.1672386554621849,0.0006142680879245189,0.2499790280234137,0.002457278487645711,0.0021573688592839303
1163,607,0.5219260533104041,0.15067874794069192,-0.13852338129496403,0.0058111641057822065,0.24951924818622928,0.023289442189425927,0.012418744625967327
1239,585,0.4721549636803874,0.16278119658119658,-0.1494006116207951,0.007062875354400781,0.2492246539523594,0.028339392762286218,-0.0020024213075060518
1225,584,0.476734693877551,0.15087842465753423,-0.15208736349453977,-0.0006325957506290217,0.24945872553102877,-0.0025358734166640194,-0.0076530612244897975
1270,604,0.4755905511811024,0.13505132450331125,-0.1057957957957958,0.015341875684413614,0.2494041788083576,0.06151410837507388,0.008748818897637796
1156,563,0.4870242214532872,0.16020248667850798,-0.13270657672849914,0.01410473581345609,0.24983162917110666,0.056456966078526134,0.009947231833910034
1240,612,0.4935483870967742,0.1443218954248366,-0.1329442675159236,0.0057622180054817465,0.24995837669094692,0.02305271014224203,0.0038999999999999994
1196,638,0.5334448160535117,0.14047648902821316,-0.1766200716845878,-0.01686297585472997,0.24888144427914677,-0.06775505463483394,-0.007466555183946488
1186,635,0.5354131534569984,0.1619732283464567,-0.12254446460980034,0.018318085007502236,0.24874590856223103,0.07364175400263692,0.02979005059021922
1229,574,0.467046379170057,0.1433327526132404,-0.14514961832061068,-0.0009683051573047434,0.24891405887419638,-0.0038901183873833916,-0.010414971521562243
1197,568,0.47451963241436923,0.17768309859154932,-0.1460651828298887,0.016614593996728932,0.24935075086770114,0.06663141754702072,0.007559732664995823
1226,638,0.5203915171288744,0.17977272727272728,-0.1745986394557823,0.0024815364081269553,0.24958418602918284,0.00994268285826731,0.00981321370309951
